ans =

                     0           243886058.4

ans =

                     0      32975.3120959032

ans =

                     0           251534258.6

ans =

                     0      12923.5625050611

ans =

                     0           260526600.9

ans =

                     0      28222.9155098792

ans =

                     0           243957889.4

ans =

                     0      23853.1596006343

ans =

                     0           253076020.7

ans =

                     0      12099.1487216617

ans =

                     0           267458261.3

ans =

                     0      8339.57574260625

ans =

                     0           254432450.3

ans =

                     0      7663.13659382081

ans =

                     0           257356452.5

ans =

                     0       15594.767101321

ans =

                     0             267935371

ans =

                     0      13969.6625028826

