ans =

                     0            51903883.7

ans =

                     0      1647.33596721764

ans =

                     0            52041583.2

ans =

                     0      2219.54213496588

ans =

                     0            52040584.3

ans =

                     0      1247.07934791656

ans =

                     0            72487892.3

ans =

                     0      1015.75620981502

ans =

                     0            52425094.8

ans =

                     0      70919.0646234612

ans =

                     0            50125898.2

ans =

                     0      1208.43027657095

ans =

                     0           116597432.9

ans =

                     0       2208.5755313726

ans =

                     0            65972017.7

ans =

                     0      807.978141893565

ans =

                     0            62203738.1

ans =

                     0      471.415233337047

