ans =

                     0            65114791.8

ans =

                     0      1461.77052462644

ans =

                     0            65260014.6

ans =

                     0      1790.19416699853

ans =

                     0            65226491.7

ans =

                     0      2414.27790216638

ans =

                     0            70242687.1

ans =

                     0        1045.463262546

ans =

                     0            50342940.3

ans =

                     0       63865.214091084

ans =

                     0            47818132.2

ans =

                     0       1063.2395778939

ans =

                     0           113836752.6

ans =

                     0      1119.08684997089

ans =

                     0            63626914.6

ans =

                     0      352.516414117445

ans =

                     0            59928222.6

ans =

                     0      305.382528787894

