ans =

                     0           245056209.8

ans =

                     0      12129.0167944479

ans =

                     0           252191323.3

ans =

                     0      15270.7723158399

ans =

                     0           260613330.3

ans =

                     0      24764.5183458108

ans =

                     0           241572488.7

ans =

                     0      12710.3005563729

ans =

                     0           251880625.2

ans =

                     0      13457.2179624501

ans =

                     0           266303065.4

ans =

                     0      16654.2104799691

ans =

                     0           252285767.7

ans =

                     0      14580.0986206846

ans =

                     0           256014000.4

ans =

                     0      18461.1871906681

ans =

                     0           266586651.3

ans =

                     0      8904.10329941576

