ans =

                     0              58990356

ans =

                     0      1612.22075962871

ans =

                     0            59164811.5

ans =

                     0      1345.02509270273

ans =

                     0            59167749.3

ans =

                     0      827.455947132199

ans =

                     0            70179355.6

ans =

                     0      1121.26042172786

ans =

                     0            50294992.6

ans =

                     0      64979.6761050031

ans =

                     0            47865984.1

ans =

                     0      460.979741661412

ans =

                     0           113341775.5

ans =

                     0      781.763568975798

ans =

                     0            63624529.6

ans =

                     0      621.478738350897

ans =

                     0            59979659.3

ans =

                     0      189.027364274182

