ans =

                     0           244089624.9

ans =

                     0      22846.2447604755

ans =

                     0           251348275.1

ans =

                     0      14043.5754663041

ans =

                     0           259771477.8

ans =

                     0      25403.4462526467

ans =

                     0           240158168.3

ans =

                     0      19554.1183275203

ans =

                     0           251149725.4

ans =

                     0      14046.3137212422

ans =

                     0           266992006.9

ans =

                     0      16133.4986937118

ans =

                     0           251474199.8

ans =

                     0      8703.55513313701

ans =

                     0           254953684.5

ans =

                     0       10711.013016206

ans =

                     0             264720248

ans =

                     0      12348.1291520439

