ans =

                     0           245233581.9

ans =

                     0      35094.6914201817

ans =

                     0             252670393

ans =

                     0      12232.3113923739

ans =

                     0           260405356.2

ans =

                     0       33627.745253651

ans =

                     0           243233938.1

ans =

                     0      8843.83891568965

ans =

                     0           255006720.6

ans =

                     0      13511.0813384175

ans =

                     0           268633440.9

ans =

                     0      12511.5837477826

ans =

                     0           254580851.9

ans =

                     0      8686.96048940275

ans =

                     0           257608918.5

ans =

                     0      10188.9708263396

ans =

                     0           267914764.2

ans =

                     0      12267.9468788474

