ans =

                     0            58571163.1

ans =

                     0      3556.56721041825

ans =

                     0            58735277.3

ans =

                     0      2369.84744234729

ans =

                     0            58712961.2

ans =

                     0      1972.47953376229

ans =

                     0            73222493.4

ans =

                     0      8297.60458338563

ans =

                     0            52338286.4

ans =

                     0      71188.2358792518

ans =

                     0            50080553.4

ans =

                     0      2586.89175137525

ans =

                     0           117131458.2

ans =

                     0       1286.0799871444

ans =

                     0              66061043

ans =

                     0      674.954977922396

ans =

                     0            62152502.7

ans =

                     0      849.637314780058

